0,0,0,7
0,21,0,0
